cam0:
  T_cam_imu:
  - [0.0, -1.0, 0.0, 0.1]
  - [0.0, 0.0, -1.0, 0.0]
  - [1.0, 0.0, 0.0, -0.1]
  - [0.0, 0.0, 0.0, 1.0]
  cam_overlaps: [1]
  camera_model: pinhole
  distortion_coeffs: [0, 0, 0, 0]
  distortion_model: radtan
  intrinsics: [260.99805320956386, 260.99805320956386, 320, 240]
  resolution: [640, 480]
  rostopic: /falcon/cam_left/image_raw
  timeshift_cam_imu: 0.0
cam1:
  T_cam_imu:
  - [0.0, -1.0, 0.0, -0.1]
  - [0.0, 0.0, -1.0, 0]
  - [1.0, 0.0, 0.0, -0.1]
  - [0.0, 0.0, 0.0, 1.0]
  T_cn_cnm1:
  - [1.0, 0.0, 0.0, -0.2]
  - [0.0, 1.0, 0.0, 0.0]
  - [0.0, 0.0, 1.0, 0.0]
  - [0.0, 0.0, 0.0, 1.0]
  cam_overlaps: [0]
  camera_model: pinhole
  distortion_coeffs: [0, 0, 0, 0]
  distortion_model: radtan
  intrinsics: [260.99805320956386, 260.99805320956386, 320, 240]
  resolution: [640, 480]
  rostopic: /falcon/cam_right/image_raw
  timeshift_cam_imu: 0.0

T_imu_body:
  [1.0000, 0.0000, 0.0000, 0.0000,
  0.0000, 1.0000, 0.0000, 0.0000,
  0.0000, 0.0000, 1.0000, 0.0000,
  0.0000, 0.0000, 0.0000, 1.0000]