cam0:
  T_cam_imu:
  - [0.9999847501085886, 0.004086864775194921, -0.0037144429694941617, 0.02994183763037689]
  - [-0.004084374335355552, 0.999991429191068, 0.0006778131709182729, -0.004559129006155033]
  - [0.0037171812644855693, -0.0006626316588062752, 0.99999287171596, -0.01766686359125119]
  - [0.0, 0.0, 0.0, 1.0]
  cam_overlaps: [1]
  camera_model: pinhole
  distortion_coeffs: [0, 0, 0, 0]
  distortion_model: radtan
  intrinsics: [387.47454833984375, 387.47454833984375, 316.1062927246094, 238.7586212158203]
  resolution: [640, 480]
  rostopic: /camera/infra1/image_rect_raw
  timeshift_cam_imu: 0.0
cam1:
  T_cam_imu:
  - [0.9999887972997616, 0.004225660403089795, -0.002132854691210053, -0.06510852338269565]
  - [-0.004224561368945015, 0.9999909415437157, 0.0005195303196076303, -0.004589801762755343]
  - [0.0021350307295388425, -0.0005105141239311359, 0.9999975905066537, -0.01765349149011269]
  - [0.0, 0.0, 0.0, 1.0]
  T_cn_cnm1:
  - [0.9999987396489546, 0.00013984992942629745, 0.00158150007803968, -0.09502174553582819]
  - [-8.00013959895607696578, 0.999999977646947, -0.00015880250050972824, -2.9298551348984124e-05]
  - [-0.0015815222512068161, 0.00015858152460290095, 0.9999987368188353, 6.142646077231596e-05]
  - [0.0, 0.0, 0.0, 1.0]
  cam_overlaps: [0]
  camera_model: pinhole
  distortion_coeffs: [0, 0, 0, 0]
  distortion_model: radtan
  intrinsics: [387.47454833984375, 387.47454833984375, 316.1062927246094, 238.7586212158203]
  resolution: [640, 480]
  rostopic: /camera/infra2/image_rect_raw
  timeshift_cam_imu: 0.0

T_imu_body:
  [1.0000, 0.0000, 0.0000, 0.0000,
  0.0000, 1.0000, 0.0000, 0.0000,
  0.0000, 0.0000, 1.0000, 0.0000,
  0.0000, 0.0000, 0.0000, 1.0000]